4540 611 612
4560 609 611
4580 606 609
4600 607 607
4620 603 605
4640 602 603
4660 599 602
4680 600 598
4700 593 594
4720 588 591
4740 588 589
4760 587 586
4780 587 584
4800 581 582
4820 582 581
4840 582 579
4860 574 576
4880 572 575
4900 575 572
4920 572 570
4940 564 567
4960 562 564
4980 560 561
5000 559 557
5020 551 555
5040 549 552
5060 548 550
5080 549 548
5100 545 547
5120 544 546
5140 544 545
5160 543 544
5180 540 543
5200 540 542
5220 540 542
5240 543 541
5260 544 541
5280 538 540
5300 539 540
5320 540 539
5340 539 538
5360 535 538
5380 536 538
5400 538 538
5420 539 537
5440 534 537
5460 537 537
5480 538 537
5500 533 536
5520 534 536
5540 536 536
5560 536 536
5580 533 535
5600 534 535
5620 535 535
5640 536 536
5660 532 536
5680 534 536
5700 535 537
5720 538 539
5740 544 542
5760 542 544
5780 546 546
5800 550 548
5820 551 549
5840 552 554
5860 558 557
5880 562 561
5900 566 564
5920 567 569
5940 575 575
5960 579 577
5980 581 579
6000 578 580
6020 579 582
6040 584 582
6060 584 584
6080 583 585
6100 587 586
6120 589 587
6140 587 590
6160 593 594
6180 598 597
6200 601 600
6220 604 603
6240 600 603
6260 604 604
6280 604 604
6300 605 603
6320 600 603
6340 603 604
6360 605 603
6380 603 602
6400 598 597
6420 591 591
6440 587 586
6460 582 583
6480 576 580
6500 573 577
6520 573 573
6540 571 570
6560 566 569
6580 565 568
6600 567 566
6620 563 565
6640 562 564
6660 562 564
6680 563 563
6700 562 562
6720 556 559
6740 561 559
6760 559 558
6780 558 558
6800 555 558
6820 560 558
6840 558 558
6860 558 558
6880 558 558
6900 558 558
6920 561 558
6940 560 559
6960 557 559
6980 559 561
7000 565 564
7020 568 568
7040 573 573
7060 574 576
7080 579 579
7100 580 579
7120 581 581
7140 581 583
7160 584 584
7180 584 585
7200 584 586
7220 584 588
7240 591 589
7260 592 589
7280 587 589
7300 589 590
7320 595 592
7340 596 593
7360 594 595
7380 601 598
7400 604 601
7420 604 603
7440 604 604
7460 604 606
7480 610 606
7500 608 608
7520 606 609
7540 610 611
7560 614 612
7580 611 612
7600 610 613
7620 611 612
7640 611 612
7660 609 612
7680 610 612
7700 608 611
7720 608 608
7740 607 605
7760 601 603
7780 596 598
7800 594 594
7820 592 590
7840 588 589
7860 587 589
7880 588 587
7900 588 586
7920 583 585
7940 582 585
7960 586 584
7980 587 584
8000 579 583
8020 581 582
8040 583 581
8060 578 580
8080 574 577
8100 573 575
8120 571 573
8140 568 571
8160 564 569
8180 566 567
8200 564 565
8220 568 564
8240 561 564
8260 562 563
8280 561 562
8300 562 560
8320 557 559
8340 555 556
8360 554 554
8380 554 553
8400 548 551
8420 547 549
8440 550 548
8460 546 547
8480 542 545
8500 541 543
8520 543 541
8540 536 536
8560 530 534
8580 527 531
8600 530 530
8620 530 529
8640 523 527
8660 527 526
8680 524 524
8700 523 524
8720 520 523
8740 523 522
8760 522 521
8780 521 520
8800 518 520
8820 520 519
8840 517 518
8860 518 517
8880 518 516
8900 515 515
8920 513 513
8940 514 513
8960 513 512
8980 508 512
9000 514 512
9020 514 511
9040 506 511
9060 510 511
9080 512 511
9100 512 511
9120 509 511
9140 507 511
9160 512 511
9180 512 511
9200 509 511
9220 507 511
9240 512 511
9260 511 511
9280 508 511
9300 512 511
9320 511 511
9340 510 511
9360 512 511
9380 511 511
9400 512 511
9420 513 511
9440 512 511
9460 509 511
9480 512 511
9500 512 511
9520 511 511
9540 508 511
9560 511 511
9580 511 511
9600 511 511
9620 509 511
9640 513 511
9660 513 511
9680 507 511
9700 510 511
9720 510 511
9740 512 511
9760 509 511
9780 509 511
9800 511 511
9820 511 511
9840 511 511
9860 510 511
9880 511 511
9900 511 511
